 h:x  y,l0 n n 
-0.500   0.0000   0.0000   0.0000
-0.499   0.0000   0.0000   0.0000
-0.498   0.0000   0.0000   0.0000
-0.497   0.0000   0.0000   0.0000
-0.496   0.0000   0.0000   0.0000
-0.495   0.0000   0.0000   0.0000
-0.494   0.0000   0.0000   0.0000
-0.493   0.0000   0.0000   0.0000
-0.492   0.0000   0.0000   0.0000
-0.491   0.0000   0.0000   0.0000
-0.490   0.0000   0.0000   0.0000
-0.489   0.0000   0.0000   0.0000
-0.488   0.0000   0.0000   0.0000
-0.487   0.0000   0.0000   0.0000
-0.486   0.0000   0.0000   0.0000
-0.485   0.0000   0.0000   0.0000
-0.484   0.0003   0.0000   0.0000
-0.483   0.0040   0.0000   0.0000
-0.482   0.0082   0.0000   0.0000
-0.481   0.0129   0.0000   0.0000
-0.480   0.0179   0.0000   0.0000
-0.479   0.0235   0.0000   0.0000
-0.478   0.0295   0.0000   0.0000
-0.477   0.0359   0.0000   0.0000
-0.476   0.0428   0.0000   0.0000
-0.475   0.0501   0.0000   0.0000
-0.474   0.0579   0.0000   0.0000
-0.473   0.0661   0.0000   0.0000
-0.472   0.0748   0.0000   0.0000
-0.471   0.0839   0.0000   0.0000
-0.470   0.0934   0.0000   0.0000
-0.469   0.1035   0.0000   0.0000
-0.468   0.1139   0.0000   0.0000
-0.467   0.1248   0.0000   0.0000
-0.466   0.1362   0.0000   0.0000
-0.465   0.1480   0.0000   0.0000
-0.464   0.1602   0.0000   0.0000
-0.463   0.1729   0.0000   0.0000
-0.462   0.1860   0.0000   0.0000
-0.461   0.1996   0.0000   0.0000
-0.460   0.2136   0.0000   0.0000
-0.459   0.2281   0.0000   0.0000
-0.458   0.2430   0.0000   0.0000
-0.457   0.2584   0.0000   0.0000
-0.456   0.2743   0.0000   0.0000
-0.455   0.2905   0.0000   0.0000
-0.454   0.3072   0.0000   0.0000
-0.453   0.3244   0.0000   0.0000
-0.452   0.3420   0.0000   0.0000
-0.451   0.3601   0.0000   0.0000
-0.450   0.3826   0.0000   0.0000
-0.449   0.4072   0.0000   0.0000
-0.448   0.4320   0.0000   0.0000
-0.447   0.4568   0.0000   0.0000
-0.446   0.4817   0.0000   0.0000
-0.445   0.5067   0.0000   0.0000
-0.444   0.5318   0.0000   0.0000
-0.443   0.5569   0.0000   0.0000
-0.442   0.5821   0.0000   0.0000
-0.441   0.6074   0.0000   0.0000
-0.440   0.6328   0.0000   0.0000
-0.439   0.6583   0.0000   0.0000
-0.438   0.6838   0.0000   0.0000
-0.437   0.7094   0.0000   0.0000
-0.436   0.7351   0.0000   0.0000
-0.435   0.7608   0.0000   0.0000
-0.434   0.7867   0.0000   0.0000
-0.433   0.8126   0.0000   0.0000
-0.432   0.8386   0.0000   0.0000
-0.431   0.8647   0.0000   0.0000
-0.430   0.8908   0.0000   0.0000
-0.429   0.9170   0.0000   0.0000
-0.428   0.9433   0.0000   0.0000
-0.427   0.9697   0.0000   0.0000
-0.426   0.9962   0.0000   0.0000
-0.425   1.0227   0.0000   0.0000
-0.424   1.0493   0.0000   0.0000
-0.423   1.0760   0.0000   0.0000
-0.422   1.1028   0.0000   0.0000
-0.421   1.1296   0.0000   0.0000
-0.420   1.1565   0.0000   0.0000
-0.419   1.1835   0.0000   0.0000
-0.418   1.2106   0.0000   0.0000
-0.417   1.2378   0.0000   0.0000
-0.416   1.2650   0.0000   0.0000
-0.415   1.2923   0.0000   0.0000
-0.414   1.3197   0.0000   0.0000
-0.413   1.3472   0.0000   0.0000
-0.412   1.3747   0.0000   0.0000
-0.411   1.4023   0.0000   0.0000
-0.410   1.4300   0.0000   0.0000
-0.409   1.4578   0.0000   0.0000
-0.408   1.4857   0.0000   0.0000
-0.407   1.5136   0.0000   0.0000
-0.406   1.5416   0.0000   0.0000
-0.405   1.5697   0.0000   0.0000
-0.404   1.5979   0.0000   0.0000
-0.403   1.6261   0.0000   0.0000
-0.402   1.6544   0.0000   0.0000
-0.401   1.6828   0.0000   0.0000
-0.400   1.7113   0.0000   0.0000
-0.399   1.7398   0.0000   0.0000
-0.398   1.7685   0.0000   0.0000
-0.397   1.7972   0.0000   0.0000
-0.396   1.8260   0.0000   0.0000
-0.395   1.8548   0.0000   0.0000
-0.394   1.8838   0.0000   0.0000
-0.393   1.9128   0.0000   0.0000
-0.392   1.9419   0.0000   0.0000
-0.391   1.9710   0.0000   0.0000
-0.390   2.0003   0.0000   0.0000
-0.389   2.0296   0.0000   0.0000
-0.388   2.0590   0.0000   0.0000
-0.387   2.0885   0.0000   0.0000
-0.386   2.1181   0.0000   0.0000
-0.385   2.1477   0.0000   0.0000
-0.384   2.1774   0.0000   0.0000
-0.383   2.2072   0.0000   0.0000
-0.382   2.2371   0.0000   0.0000
-0.381   2.2670   0.0000   0.0000
-0.380   2.2970   0.0000   0.0000
-0.379   2.3271   0.0000   0.0000
-0.378   2.3573   0.0000   0.0000
-0.377   2.3876   0.0000   0.0000
-0.376   2.4179   0.0000   0.0000
-0.375   2.4483   0.0000   0.0000
-0.374   2.4788   0.0000   0.0000
-0.373   2.5094   0.0000   0.0000
-0.372   2.5400   0.0000   0.0000
-0.371   2.5707   0.0000   0.0000
-0.370   2.6015   0.0000   0.0000
-0.369   2.6324   0.0000   0.0000
-0.368   2.6634   0.0000   0.0000
-0.367   2.6944   0.0000   0.0000
-0.366   2.7255   0.0000   0.0000
-0.365   2.7567   0.0000   0.0000
-0.364   2.7880   0.0000   0.0000
-0.363   2.8193   0.0000   0.0000
-0.362   2.8507   0.0000   0.0000
-0.361   2.8822   0.0000   0.0000
-0.360   2.9138   0.0000   0.0000
-0.359   2.9454   0.0000   0.0000
-0.358   2.9772   0.0000   0.0000
-0.357   3.0090   0.0000   0.0000
-0.356   3.0409   0.0000   0.0000
-0.355   3.0728   0.0000   0.0000
-0.354   3.1049   0.0000   0.0000
-0.353   3.1370   0.0000   0.0000
-0.352   3.1692   0.0000   0.0000
-0.351   3.2014   0.0000   0.0000
-0.350   3.2350   0.0000   0.0000
-0.349   3.2682   0.0000   0.0000
-0.348   3.3014   0.0000   0.0000
-0.347   3.3346   0.0000   0.0000
-0.346   3.3678   0.0000   0.0000
-0.345   3.4010   0.0000   0.0000
-0.344   3.4342   0.0000   0.0000
-0.343   3.4674   0.0000   0.0000
-0.342   3.5006   0.0000   0.0000
-0.341   3.5337   0.0000   0.0000
-0.340   3.5667   0.0000   0.0000
-0.339   3.5997   0.0000   0.0000
-0.338   3.6327   0.0000   0.0000
-0.337   3.6656   0.0000   0.0000
-0.336   3.6983   0.0000   0.0000
-0.335   3.7310   0.0000   0.0000
-0.334   3.7636   0.0000   0.0000
-0.333   3.7960   0.0000   0.0000
-0.332   3.8284   0.0000   0.0000
-0.331   3.8606   0.0000   0.0000
-0.330   3.8927   0.0000   0.0000
-0.329   3.9246   0.0000   0.0000
-0.328   3.9564   0.0000   0.0000
-0.327   3.9880   0.0000   0.0000
-0.326   4.0194   0.0000   0.0000
-0.325   4.0507   0.0000   0.0000
-0.324   4.0818   0.0000   0.0000
-0.323   4.1127   0.0000   0.0000
-0.322   4.1434   0.0000   0.0000
-0.321   4.1739   0.0000   0.0000
-0.320   4.2042   0.0000   0.0000
-0.319   4.2342   0.0000   0.0000
-0.318   4.2641   0.0000   0.0000
-0.317   4.2937   0.0000   0.0000
-0.316   4.3231   0.0000   0.0000
-0.315   4.3523   0.0000   0.0000
-0.314   4.3812   0.0000   0.0000
-0.313   4.4099   0.0000   0.0000
-0.312   4.4383   0.0000   0.0000
-0.311   4.4665   0.0000   0.0000
-0.310   4.4944   0.0000   0.0000
-0.309   4.5221   0.0000   0.0000
-0.308   4.5495   0.0000   0.0000
-0.307   4.5766   0.0000   0.0000
-0.306   4.6035   0.0000   0.0000
-0.305   4.6301   0.0000   0.0000
-0.304   4.6564   0.0000   0.0000
-0.303   4.6824   0.0000   0.0000
-0.302   4.7081   0.0000   0.0000
-0.301   4.7336   0.0000   0.0000
-0.300   4.7588   0.0000   0.0000
-0.299   4.7837   0.0000   0.0000
-0.298   4.8083   0.0000   0.0000
-0.297   4.8326   0.0000   0.0000
-0.296   4.8567   0.0000   0.0000
-0.295   4.8804   0.0000   0.0000
-0.294   4.9039   0.0000   0.0000
-0.293   4.9270   0.0000   0.0000
-0.292   4.9499   0.0000   0.0000
-0.291   4.9725   0.0000   0.0000
-0.290   4.9947   0.0000   0.0000
-0.289   5.0167   0.0000   0.0000
-0.288   5.0384   0.0000   0.0000
-0.287   5.0598   0.0000   0.0000
-0.286   5.0808   0.0000   0.0000
-0.285   5.1016   0.0000   0.0000
-0.284   5.1221   0.0000   0.0000
-0.283   5.1423   0.0000   0.0000
-0.282   5.1622   0.0000   0.0000
-0.281   5.1818   0.0000   0.0000
-0.280   5.2012   0.0000   0.0000
-0.279   5.2202   0.0000   0.0000
-0.278   5.2389   0.0000   0.0000
-0.277   5.2573   0.0000   0.0000
-0.276   5.2755   0.0000   0.0000
-0.275   5.2933   0.0000   0.0000
-0.274   5.3109   0.0000   0.0000
-0.273   5.3282   0.0000   0.0000
-0.272   5.3451   0.0000   0.0000
-0.271   5.3618   0.0000   0.0000
-0.270   5.3783   0.0000   0.0000
-0.269   5.3944   0.0000   0.0000
-0.268   5.4102   0.0000   0.0000
-0.267   5.4258   0.0000   0.0000
-0.266   5.4411   0.0000   0.0000
-0.265   5.4561   0.0000   0.0000
-0.264   5.4708   0.0000   0.0000
-0.263   5.4853   0.0000   0.0000
-0.262   5.4995   0.0000   0.0000
-0.261   5.5134   0.0000   0.0000
-0.260   5.5270   0.0000   0.0000
-0.259   5.5404   0.0000   0.0000
-0.258   5.5535   0.0000   0.0000
-0.257   5.5664   0.0000   0.0000
-0.256   5.5790   0.0000   0.0000
-0.255   5.5913   0.0000   0.0000
-0.254   5.6034   0.0000   0.0000
-0.253   5.6152   0.0000   0.0000
-0.252   5.6268   0.0000   0.0000
-0.251   5.6381   0.0000   0.0000
-0.250   5.6492   0.0000   0.0000
-0.249   5.6600   0.0000   0.0000
-0.248   5.6706   0.0000   0.0000
-0.247   5.6809   0.0000   0.0000
-0.246   5.6910   0.0000   0.0000
-0.245   5.7009   0.0000   0.0000
-0.244   5.7106   0.0000   0.0000
-0.243   5.7200   0.0000   0.0000
-0.242   5.7292   0.0000   0.0000
-0.241   5.7381   0.0000   0.0000
-0.240   5.7469   0.0000   0.0000
-0.239   5.7554   0.0000   0.0000
-0.238   5.7637   0.0000   0.0000
-0.237   5.7718   0.0000   0.0000
-0.236   5.7797   0.0000   0.0000
-0.235   5.7874   0.0000   0.0000
-0.234   5.7949   0.0000   0.0000
-0.233   5.8022   0.0000   0.0000
-0.232   5.8093   0.0000   0.0000
-0.231   5.8162   0.0000   0.0000
-0.230   5.8229   0.0000   0.0000
-0.229   5.8294   0.0000   0.0000
-0.228   5.8357   0.0000   0.0000
-0.227   5.8419   0.0000   0.0000
-0.226   5.8479   0.0000   0.0000
-0.225   5.8537   0.0000   0.0000
-0.224   5.8593   0.0000   0.0000
-0.223   5.8647   0.0000   0.0000
-0.222   5.8700   0.0000   0.0000
-0.221   5.8752   0.0000   0.0000
-0.220   5.8802   0.0000   0.0000
-0.219   5.8850   0.0000   0.0000
-0.218   5.8896   0.0000   0.0000
-0.217   5.8942   0.0000   0.0000
-0.216   5.8985   0.0000   0.0000
-0.215   5.9028   0.0000   0.0000
-0.214   5.9068   0.0000   0.0000
-0.213   5.9108   0.0000   0.0000
-0.212   5.9146   0.0000   0.0000
-0.211   5.9183   0.0000   0.0000
-0.210   5.9219   0.0000   0.0000
-0.209   5.9253   0.0000   0.0000
-0.208   5.9286   0.0000   0.0000
-0.207   5.9318   0.0000   0.0000
-0.206   5.9349   0.0000   0.0000
-0.205   5.9379   0.0000   0.0000
-0.204   5.9407   0.0000   0.0000
-0.203   5.9435   0.0000   0.0000
-0.202   5.9461   0.0000   0.0000
-0.201   5.9487   0.0000   0.0000
-0.200   5.9512   0.0000   0.0000
-0.199   5.9535   0.0000   0.0000
-0.198   5.9558   0.0000   0.0000
-0.197   5.9580   0.0000   0.0000
-0.196   5.9600   0.0000   0.0000
-0.195   5.9620   0.0000   0.0000
-0.194   5.9640   0.0000   0.0000
-0.193   5.9658   0.0000   0.0000
-0.192   5.9676   0.0000   0.0000
-0.191   5.9693   0.0000   0.0000
-0.190   5.9709   0.0000   0.0000
-0.189   5.9724   0.0000   0.0000
-0.188   5.9739   0.0000   0.0000
-0.187   5.9753   0.0000   0.0000
-0.186   5.9767   0.0000   0.0000
-0.185   5.9780   0.0000   0.0000
-0.184   5.9792   0.0000   0.0000
-0.183   5.9804   0.0000   0.0000
-0.182   5.9815   0.0000   0.0000
-0.181   5.9826   0.0000   0.0000
-0.180   5.9836   0.0000   0.0000
-0.179   5.9846   0.0000   0.0000
-0.178   5.9855   0.0000   0.0000
-0.177   5.9864   0.0000   0.0000
-0.176   5.9872   0.0000   0.0000
-0.175   5.9880   0.0000   0.0000
-0.174   5.9888   0.0000   0.0000
-0.173   5.9895   0.0000   0.0000
-0.172   5.9901   0.0000   0.0000
-0.171   5.9908   0.0000   0.0000
-0.170   5.9914   0.0000   0.0000
-0.169   5.9920   0.0000   0.0000
-0.168   5.9925   0.0000   0.0000
-0.167   5.9930   0.0000   0.0000
-0.166   5.9935   0.0000   0.0000
-0.165   5.9940   0.0000   0.0000
-0.164   5.9944   0.0000   0.0000
-0.163   5.9948   0.0000   0.0000
-0.162   5.9952   0.0000   0.0000
-0.161   5.9955   0.0000   0.0000
-0.160   5.9959   0.0000   0.0000
-0.159   5.9962   0.0000   0.0000
-0.158   5.9965   0.0000   0.0000
-0.157   5.9968   0.0000   0.0000
-0.156   5.9970   0.0000   0.0000
-0.155   5.9973   0.0000   0.0000
-0.154   5.9975   0.0000   0.0000
-0.153   5.9977   0.0000   0.0000
-0.152   5.9979   0.0000   0.0000
-0.151   5.9981   0.0000   0.0000
-0.150   5.9983   0.0000   0.0000
-0.149   5.9984   0.0000   0.0000
-0.148   5.9986   0.0000   0.0000
-0.147   5.9987   0.0000   0.0000
-0.146   5.9988   0.0000   0.0000
-0.145   5.9989   0.0000   0.0000
-0.144   5.9990   0.0000   0.0000
-0.143   5.9991   0.0000   0.0000
-0.142   5.9992   0.0000   0.0000
-0.141   5.9993   0.0000   0.0000
-0.140   5.9994   0.0000   0.0000
-0.139   5.9995   0.0000   0.0000
-0.138   5.9995   0.0000   0.0000
-0.137   5.9996   0.0000   0.0000
-0.136   5.9996   0.0000   0.0000
-0.135   5.9997   0.0000   0.0000
-0.134   5.9997   0.0000   0.0000
-0.133   5.9997   0.0000   0.0000
-0.132   5.9998   0.0000   0.0000
-0.131   5.9998   0.0000   0.0000
-0.130   5.9998   0.0000   0.0000
-0.129   5.9999   0.0000   0.0000
-0.128   5.9999   0.0000   0.0000
-0.127   5.9999   0.0000   0.0000
-0.126   5.9999   0.0000   0.0000
-0.125   5.9999   0.0000   0.0000
-0.124   5.9999   0.0000   0.0000
-0.123   5.9999   0.0000   0.0000
-0.122   5.9999   0.0000   0.0000
-0.121   5.9999   0.0000   0.0000
-0.120   5.9999   0.0000   0.0000
-0.119   5.9999   0.0000   0.0000
-0.118   5.9999   0.0000   0.0000
-0.117   5.9999   0.0000   0.0000
-0.116   5.9999   0.0000   0.0000
-0.115   5.9999   0.0000   0.0000
-0.114   5.9999   0.0000   0.0000
-0.113   5.9999   0.0000   0.0000
-0.112   5.9999   0.0000   0.0000
-0.111   5.9999   0.0000   0.0000
-0.110   5.9999   0.0000   0.0000
-0.109   5.9999   0.0000   0.0000
-0.108   5.9999   0.0000   0.0000
-0.107   5.9999   0.0000   0.0000
-0.106   5.9999   0.0000   0.0000
-0.105   5.9999   0.0000   0.0000
-0.104   5.9999   0.0000   0.0000
-0.103   5.9999   0.0000   0.0000
-0.102   5.9999   0.0000   0.0000
-0.101   5.9999   0.0000   0.0000
-0.100   5.9999   0.0000   0.0000
-0.099   5.9999   0.0000   0.0000
-0.098   5.9999   0.0000   0.0000
-0.097   5.9999   0.0000   0.0000
-0.096   5.9999   0.0000   0.0000
-0.095   5.9999   0.0000   0.0000
-0.094   5.9999   0.0000   0.0000
-0.093   5.9999   0.0000   0.0000
-0.092   5.9999   0.0000   0.0000
-0.091   5.9999   0.0000   0.0000
-0.090   5.9999   0.0000   0.0000
-0.089   5.9999   0.0000   0.0000
-0.088   5.9999   0.0000   0.0000
-0.087   5.9999   0.0000   0.0000
-0.086   5.9999   0.0000   0.0000
-0.085   5.9999   0.0000   0.0000
-0.084   5.9999   0.0000   0.0000
-0.083   5.9999   0.0000   0.0000
-0.082   5.9999   0.0000   0.0000
-0.081   5.9999   0.0000   0.0000
-0.080   5.9999   0.0000   0.0000
-0.079   5.9999   0.0000   0.0000
-0.078   5.9999   0.0000   0.0000
-0.077   5.9999   0.0000   0.0000
-0.076   5.9999   0.0000   0.0000
-0.075   5.9999   0.0000   0.0000
-0.074   5.9999   0.0000   0.0000
-0.073   5.9999   0.0000   0.0000
-0.072   5.9999   0.0000   0.0000
-0.071   5.9999   0.0000   0.0000
-0.070   5.9999   0.0000   0.0000
-0.069   5.9999   0.0000   0.0000
-0.068   5.9999   0.0000   0.0000
-0.067   5.9999   0.0000   0.0000
-0.066   6.0000   0.0000   0.0000
-0.065   6.0000   0.0000   0.0000
-0.064   6.0000   0.0000   0.0000
-0.063   6.0000   0.0000   0.0000
-0.062   6.0000   0.0000   0.0000
-0.061   6.0000   0.0000   0.0000
-0.060   6.0000   0.0000   0.0000
-0.059   6.0000   0.0000   0.0000
-0.058   6.0000   0.0000   0.0000
-0.057   6.0000   0.0000   0.0000
-0.056   6.0000   0.0000   0.0000
-0.055   6.0000   0.0000   0.0000
-0.054   6.0000   0.0000   0.0000
-0.053   6.0000   0.0000   0.0000
-0.052   6.0000   0.0000   0.0000
-0.051   6.0000   0.0000   0.0000
-0.050   6.0000   0.0000   0.0000
-0.049   6.0000   0.0000   0.0000
-0.048   6.0000   0.0000   0.0000
-0.047   6.0000   0.0000   0.0000
-0.046   6.0000   0.0000   0.0000
-0.045   6.0000   0.0000   0.0000
-0.044   6.0000   0.0000   0.0000
-0.043   6.0000   0.0000   0.0000
-0.042   6.0000   0.0000   0.0000
-0.041   6.0000   0.0000   0.0000
-0.040   6.0000   0.0000   0.0000
-0.039   6.0000   0.0000   0.0000
-0.038   6.0000   0.0000   0.0000
-0.037   6.0000   0.0000   0.0000
-0.036   6.0000   0.0000   0.0000
-0.035   6.0000   0.0000   0.0000
-0.034   6.0000   0.0000   0.0000
-0.033   6.0000   0.0000   0.0000
-0.032   6.0000   0.0000   0.0000
-0.031   6.0000   0.0000   0.0000
-0.030   6.0000   0.0000   0.0000
-0.029   6.0000   0.0000   0.0000
-0.028   6.0000   0.0000   0.0000
-0.027   6.0000   0.0000   0.0000
-0.026   6.0000   0.0000   0.0000
-0.025   6.0000   0.0000   0.0000
-0.024   6.0000   0.0000   0.0000
-0.023   6.0000   0.0000   0.0000
-0.022   6.0000   0.0000   0.0000
-0.021   6.0000   0.0000   0.0000
-0.020   6.0000   0.0000   0.0000
-0.019   6.0000   0.0000   0.0000
-0.018   6.0000   0.0000   0.0000
-0.017   6.0000   0.0000   0.0000
-0.016   6.0000   0.0000   0.0000
-0.015   6.0000   0.0000   0.0000
-0.014   6.0000   0.0000   0.0000
-0.013   6.0000   0.0000   0.0000
-0.012   6.0000   0.0000   0.0000
-0.011   6.0000   0.0000   0.0000
-0.010   6.0000   0.0000   0.0000
-0.009   6.0000   0.0000   0.0000
-0.008   6.0000   0.0000   0.0000
-0.007   6.0000   0.0000   0.0000
-0.006   6.0000   0.0000   0.0000
-0.005   6.0000   0.0000   0.0000
-0.004   6.0000   0.0000   0.0000
-0.003   6.0000   0.0000   0.0000
-0.002   6.0000   0.0000   0.0000
-0.001   6.0000   0.0000   0.0000
 0.000   6.0000   0.0000   0.0000
 0.001   6.0000   0.0000   0.0000
 0.002   6.0000   0.0000   0.0000
 0.003   6.0000   0.0000   0.0000
 0.004   6.0000   0.0000   0.0000
 0.005   6.0000   0.0000   0.0000
 0.006   6.0000   0.0000   0.0000
 0.007   6.0000   0.0000   0.0000
 0.008   6.0000   0.0000   0.0000
 0.009   6.0000   0.0000   0.0000
 0.010   6.0000   0.0000   0.0000
 0.011   6.0000   0.0000   0.0000
 0.012   6.0000   0.0000   0.0000
 0.013   6.0000   0.0000   0.0000
 0.014   6.0000   0.0000   0.0000
 0.015   6.0000   0.0000   0.0000
 0.016   6.0000   0.0000   0.0000
 0.017   6.0000   0.0000   0.0000
 0.018   6.0000   0.0000   0.0000
 0.019   6.0000   0.0000   0.0000
 0.020   6.0000   0.0000   0.0000
 0.021   6.0000   0.0000   0.0000
 0.022   6.0000   0.0000   0.0000
 0.023   6.0000   0.0000   0.0000
 0.024   6.0000   0.0000   0.0000
 0.025   6.0000   0.0000   0.0000
 0.026   6.0000   0.0000   0.0000
 0.027   6.0000   0.0000   0.0000
 0.028   6.0000   0.0000   0.0000
 0.029   6.0000   0.0000   0.0000
 0.030   6.0000   0.0000   0.0000
 0.031   6.0000   0.0000   0.0000
 0.032   6.0000   0.0000   0.0000
 0.033   6.0000   0.0000   0.0000
 0.034   6.0000   0.0000   0.0000
 0.035   6.0000   0.0000   0.0000
 0.036   6.0000   0.0000   0.0000
 0.037   6.0000   0.0000   0.0000
 0.038   6.0000   0.0000   0.0000
 0.039   6.0000   0.0000   0.0000
 0.040   6.0000   0.0000   0.0000
 0.041   6.0000   0.0000   0.0000
 0.042   6.0000   0.0000   0.0000
 0.043   6.0000   0.0000   0.0000
 0.044   6.0000   0.0000   0.0000
 0.045   6.0000   0.0000   0.0000
 0.046   6.0000   0.0000   0.0000
 0.047   6.0000   0.0000   0.0000
 0.048   6.0000   0.0000   0.0000
 0.049   6.0000   0.0000   0.0000
 0.050   6.0000   0.0000   0.0000
 0.051   6.0000   0.0000   0.0000
 0.052   6.0000   0.0000   0.0000
 0.053   6.0000   0.0000   0.0000
 0.054   6.0000   0.0000   0.0000
 0.055   6.0000   0.0000   0.0000
 0.056   6.0000   0.0000   0.0000
 0.057   6.0000   0.0000   0.0000
 0.058   6.0000   0.0000   0.0000
 0.059   6.0000   0.0000   0.0000
 0.060   6.0000   0.0000   0.0000
 0.061   6.0000   0.0000   0.0000
 0.062   6.0000   0.0000   0.0000
 0.063   6.0000   0.0000   0.0000
 0.064   6.0000   0.0000   0.0000
 0.065   6.0000   0.0000   0.0000
 0.066   6.0000   0.0000   0.0000
 0.067   6.0000   0.0000   0.0000
 0.068   6.0000   0.0000   0.0000
 0.069   6.0000   0.0000   0.0000
 0.070   6.0000   0.0000   0.0000
 0.071   6.0000   0.0000   0.0000
 0.072   6.0000   0.0000   0.0000
 0.073   5.9999   0.0000   0.0000
 0.074   5.9999   0.0000   0.0000
 0.075   5.9999   0.0000   0.0000
 0.076   5.9999   0.0000   0.0000
 0.077   5.9999   0.0000   0.0000
 0.078   5.9999   0.0000   0.0000
 0.079   5.9999   0.0000   0.0000
 0.080   5.9999   0.0000   0.0000
 0.081   5.9999   0.0000   0.0000
 0.082   5.9999   0.0000   0.0000
 0.083   5.9999   0.0000   0.0000
 0.084   5.9999   0.0000   0.0000
 0.085   5.9999   0.0000   0.0000
 0.086   5.9999   0.0000   0.0000
 0.087   5.9999   0.0000   0.0000
 0.088   5.9999   0.0000   0.0000
 0.089   5.9999   0.0000   0.0000
 0.090   5.9999   0.0000   0.0000
 0.091   5.9999   0.0000   0.0000
 0.092   5.9999   0.0000   0.0000
 0.093   5.9999   0.0000   0.0000
 0.094   5.9999   0.0000   0.0000
 0.095   5.9999   0.0000   0.0000
 0.096   5.9999   0.0000   0.0000
 0.097   5.9999   0.0000   0.0000
 0.098   5.9999   0.0000   0.0000
 0.099   5.9999   0.0000   0.0000
 0.100   5.9999   0.0000   0.0000
 0.101   5.9999   0.0000   0.0000
 0.102   5.9999   0.0000   0.0000
 0.103   5.9999   0.0000   0.0000
 0.104   5.9999   0.0000   0.0000
 0.105   6.0000   0.0000   0.0000
 0.106   6.0000   0.0000   0.0000
 0.107   6.0000   0.0000   0.0000
 0.108   6.0000   0.0000   0.0000
 0.109   6.0000   0.0000   0.0000
 0.110   6.0000   0.0000   0.0000
 0.111   6.0000   0.0000   0.0000
 0.112   6.0000   0.0000   0.0000
 0.113   6.0000   0.0000   0.0000
 0.114   6.0000   0.0000   0.0000
 0.115   6.0000   0.0000   0.0000
 0.116   6.0000   0.0000   0.0000
 0.117   6.0000   0.0000   0.0000
 0.118   6.0000   0.0000   0.0000
 0.119   6.0000   0.0000   0.0000
 0.120   6.0000   0.0000   0.0000
 0.121   6.0000   0.0000   0.0000
 0.122   6.0000   0.0000   0.0000
 0.123   6.0000   0.0000   0.0000
 0.124   6.0000   0.0000   0.0000
 0.125   6.0000   0.0000   0.0000
 0.126   6.0000   0.0000   0.0000
 0.127   5.9999   0.0000   0.0000
 0.128   5.9999   0.0000   0.0000
 0.129   5.9999   0.0000   0.0000
 0.130   5.9999   0.0000   0.0000
 0.131   5.9999   0.0000   0.0000
 0.132   5.9998   0.0000   0.0000
 0.133   5.9998   0.0000   0.0000
 0.134   5.9998   0.0000   0.0000
 0.135   5.9997   0.0000   0.0000
 0.136   5.9997   0.0000   0.0000
 0.137   5.9996   0.0000   0.0000
 0.138   5.9996   0.0000   0.0000
 0.139   5.9995   0.0000   0.0000
 0.140   5.9995   0.0000   0.0000
 0.141   5.9994   0.0000   0.0000
 0.142   5.9993   0.0000   0.0000
 0.143   5.9992   0.0000   0.0000
 0.144   5.9991   0.0000   0.0000
 0.145   5.9990   0.0000   0.0000
 0.146   5.9989   0.0000   0.0000
 0.147   5.9988   0.0000   0.0000
 0.148   5.9986   0.0000   0.0000
 0.149   5.9985   0.0000   0.0000
 0.150   5.9983   0.0000   0.0000
 0.151   5.9982   0.0000   0.0000
 0.152   5.9980   0.0000   0.0000
 0.153   5.9978   0.0000   0.0000
 0.154   5.9976   0.0000   0.0000
 0.155   5.9973   0.0000   0.0000
 0.156   5.9971   0.0000   0.0000
 0.157   5.9968   0.0000   0.0000
 0.158   5.9966   0.0000   0.0000
 0.159   5.9963   0.0000   0.0000
 0.160   5.9960   0.0000   0.0000
 0.161   5.9956   0.0000   0.0000
 0.162   5.9953   0.0000   0.0000
 0.163   5.9949   0.0000   0.0000
 0.164   5.9945   0.0000   0.0000
 0.165   5.9940   0.0000   0.0000
 0.166   5.9936   0.0000   0.0000
 0.167   5.9931   0.0000   0.0000
 0.168   5.9926   0.0000   0.0000
 0.169   5.9921   0.0000   0.0000
 0.170   5.9915   0.0000   0.0000
 0.171   5.9909   0.0000   0.0000
 0.172   5.9902   0.0000   0.0000
 0.173   5.9896   0.0000   0.0000
 0.174   5.9888   0.0000   0.0000
 0.175   5.9881   0.0000   0.0000
 0.176   5.9873   0.0000   0.0000
 0.177   5.9865   0.0000   0.0000
 0.178   5.9856   0.0000   0.0000
 0.179   5.9847   0.0000   0.0000
 0.180   5.9837   0.0000   0.0000
 0.181   5.9827   0.0000   0.0000
 0.182   5.9816   0.0000   0.0000
 0.183   5.9805   0.0000   0.0000
 0.184   5.9793   0.0000   0.0000
 0.185   5.9781   0.0000   0.0000
 0.186   5.9768   0.0000   0.0000
 0.187   5.9754   0.0000   0.0000
 0.188   5.9740   0.0000   0.0000
 0.189   5.9725   0.0000   0.0000
 0.190   5.9710   0.0000   0.0000
 0.191   5.9694   0.0000   0.0000
 0.192   5.9677   0.0000   0.0000
 0.193   5.9659   0.0000   0.0000
 0.194   5.9641   0.0000   0.0000
 0.195   5.9621   0.0000   0.0000
 0.196   5.9601   0.0000   0.0000
 0.197   5.9580   0.0000   0.0000
 0.198   5.9559   0.0000   0.0000
 0.199   5.9536   0.0000   0.0000
 0.200   5.9512   0.0000   0.0000
 0.201   5.9488   0.0000   0.0000
 0.202   5.9462   0.0000   0.0000
 0.203   5.9436   0.0000   0.0000
 0.204   5.9408   0.0000   0.0000
 0.205   5.9380   0.0000   0.0000
 0.206   5.9350   0.0000   0.0000
 0.207   5.9319   0.0000   0.0000
 0.208   5.9287   0.0000   0.0000
 0.209   5.9254   0.0000   0.0000
 0.210   5.9219   0.0000   0.0000
 0.211   5.9184   0.0000   0.0000
 0.212   5.9147   0.0000   0.0000
 0.213   5.9109   0.0000   0.0000
 0.214   5.9069   0.0000   0.0000
 0.215   5.9028   0.0000   0.0000
 0.216   5.8986   0.0000   0.0000
 0.217   5.8942   0.0000   0.0000
 0.218   5.8897   0.0000   0.0000
 0.219   5.8850   0.0000   0.0000
 0.220   5.8802   0.0000   0.0000
 0.221   5.8752   0.0000   0.0000
 0.222   5.8701   0.0000   0.0000
 0.223   5.8648   0.0000   0.0000
 0.224   5.8593   0.0000   0.0000
 0.225   5.8537   0.0000   0.0000
 0.226   5.8479   0.0000   0.0000
 0.227   5.8419   0.0000   0.0000
 0.228   5.8358   0.0000   0.0000
 0.229   5.8294   0.0000   0.0000
 0.230   5.8229   0.0000   0.0000
 0.231   5.8162   0.0000   0.0000
 0.232   5.8093   0.0000   0.0000
 0.233   5.8022   0.0000   0.0000
 0.234   5.7949   0.0000   0.0000
 0.235   5.7875   0.0000   0.0000
 0.236   5.7798   0.0000   0.0000
 0.237   5.7719   0.0000   0.0000
 0.238   5.7638   0.0000   0.0000
 0.239   5.7554   0.0000   0.0000
 0.240   5.7469   0.0000   0.0000
 0.241   5.7382   0.0000   0.0000
 0.242   5.7292   0.0000   0.0000
 0.243   5.7200   0.0000   0.0000
 0.244   5.7106   0.0000   0.0000
 0.245   5.7009   0.0000   0.0000
 0.246   5.6911   0.0000   0.0000
 0.247   5.6809   0.0000   0.0000
 0.248   5.6706   0.0000   0.0000
 0.249   5.6600   0.0000   0.0000
 0.250   5.6492   0.0000   0.0000
 0.251   5.6381   0.0000   0.0000
 0.252   5.6268   0.0000   0.0000
 0.253   5.6152   0.0000   0.0000
 0.254   5.6034   0.0000   0.0000
 0.255   5.5913   0.0000   0.0000
 0.256   5.5790   0.0000   0.0000
 0.257   5.5664   0.0000   0.0000
 0.258   5.5535   0.0000   0.0000
 0.259   5.5404   0.0000   0.0000
 0.260   5.5270   0.0000   0.0000
 0.261   5.5134   0.0000   0.0000
 0.262   5.4994   0.0000   0.0000
 0.263   5.4853   0.0000   0.0000
 0.264   5.4708   0.0000   0.0000
 0.265   5.4561   0.0000   0.0000
 0.266   5.4410   0.0000   0.0000
 0.267   5.4258   0.0000   0.0000
 0.268   5.4102   0.0000   0.0000
 0.269   5.3943   0.0000   0.0000
 0.270   5.3782   0.0000   0.0000
 0.271   5.3618   0.0000   0.0000
 0.272   5.3451   0.0000   0.0000
 0.273   5.3281   0.0000   0.0000
 0.274   5.3108   0.0000   0.0000
 0.275   5.2933   0.0000   0.0000
 0.276   5.2754   0.0000   0.0000
 0.277   5.2573   0.0000   0.0000
 0.278   5.2388   0.0000   0.0000
 0.279   5.2201   0.0000   0.0000
 0.280   5.2011   0.0000   0.0000
 0.281   5.1818   0.0000   0.0000
 0.282   5.1622   0.0000   0.0000
 0.283   5.1423   0.0000   0.0000
 0.284   5.1221   0.0000   0.0000
 0.285   5.1016   0.0000   0.0000
 0.286   5.0808   0.0000   0.0000
 0.287   5.0597   0.0000   0.0000
 0.288   5.0383   0.0000   0.0000
 0.289   5.0166   0.0000   0.0000
 0.290   4.9946   0.0000   0.0000
 0.291   4.9724   0.0000   0.0000
 0.292   4.9498   0.0000   0.0000
 0.293   4.9269   0.0000   0.0000
 0.294   4.9038   0.0000   0.0000
 0.295   4.8803   0.0000   0.0000
 0.296   4.8566   0.0000   0.0000
 0.297   4.8326   0.0000   0.0000
 0.298   4.8082   0.0000   0.0000
 0.299   4.7836   0.0000   0.0000
 0.300   4.7587   0.0000   0.0000
 0.301   4.7335   0.0000   0.0000
 0.302   4.7081   0.0000   0.0000
 0.303   4.6823   0.0000   0.0000
 0.304   4.6563   0.0000   0.0000
 0.305   4.6300   0.0000   0.0000
 0.306   4.6034   0.0000   0.0000
 0.307   4.5765   0.0000   0.0000
 0.308   4.5494   0.0000   0.0000
 0.309   4.5220   0.0000   0.0000
 0.310   4.4943   0.0000   0.0000
 0.311   4.4664   0.0000   0.0000
 0.312   4.4382   0.0000   0.0000
 0.313   4.4098   0.0000   0.0000
 0.314   4.3811   0.0000   0.0000
 0.315   4.3522   0.0000   0.0000
 0.316   4.3230   0.0000   0.0000
 0.317   4.2936   0.0000   0.0000
 0.318   4.2640   0.0000   0.0000
 0.319   4.2341   0.0000   0.0000
 0.320   4.2041   0.0000   0.0000
 0.321   4.1738   0.0000   0.0000
 0.322   4.1433   0.0000   0.0000
 0.323   4.1126   0.0000   0.0000
 0.324   4.0817   0.0000   0.0000
 0.325   4.0506   0.0000   0.0000
 0.326   4.0193   0.0000   0.0000
 0.327   3.9879   0.0000   0.0000
 0.328   3.9563   0.0000   0.0000
 0.329   3.9245   0.0000   0.0000
 0.330   3.8926   0.0000   0.0000
 0.331   3.8605   0.0000   0.0000
 0.332   3.8283   0.0000   0.0000
 0.333   3.7960   0.0000   0.0000
 0.334   3.7635   0.0000   0.0000
 0.335   3.7309   0.0000   0.0000
 0.336   3.6982   0.0000   0.0000
 0.337   3.6655   0.0000   0.0000
 0.338   3.6326   0.0000   0.0000
 0.339   3.5997   0.0000   0.0000
 0.340   3.5667   0.0000   0.0000
 0.341   3.5336   0.0000   0.0000
 0.342   3.5005   0.0000   0.0000
 0.343   3.4673   0.0000   0.0000
 0.344   3.4341   0.0000   0.0000
 0.345   3.4009   0.0000   0.0000
 0.346   3.3677   0.0000   0.0000
 0.347   3.3345   0.0000   0.0000
 0.348   3.3013   0.0000   0.0000
 0.349   3.2681   0.0000   0.0000
 0.350   3.2349   0.0000   0.0000
 0.351   3.2014   0.0000   0.0000
 0.352   3.1692   0.0000   0.0000
 0.353   3.1370   0.0000   0.0000
 0.354   3.1049   0.0000   0.0000
 0.355   3.0728   0.0000   0.0000
 0.356   3.0409   0.0000   0.0000
 0.357   3.0090   0.0000   0.0000
 0.358   2.9772   0.0000   0.0000
 0.359   2.9454   0.0000   0.0000
 0.360   2.9138   0.0000   0.0000
 0.361   2.8822   0.0000   0.0000
 0.362   2.8507   0.0000   0.0000
 0.363   2.8193   0.0000   0.0000
 0.364   2.7880   0.0000   0.0000
 0.365   2.7567   0.0000   0.0000
 0.366   2.7255   0.0000   0.0000
 0.367   2.6944   0.0000   0.0000
 0.368   2.6634   0.0000   0.0000
 0.369   2.6324   0.0000   0.0000
 0.370   2.6015   0.0000   0.0000
 0.371   2.5707   0.0000   0.0000
 0.372   2.5400   0.0000   0.0000
 0.373   2.5094   0.0000   0.0000
 0.374   2.4788   0.0000   0.0000
 0.375   2.4483   0.0000   0.0000
 0.376   2.4179   0.0000   0.0000
 0.377   2.3876   0.0000   0.0000
 0.378   2.3573   0.0000   0.0000
 0.379   2.3271   0.0000   0.0000
 0.380   2.2970   0.0000   0.0000
 0.381   2.2670   0.0000   0.0000
 0.382   2.2371   0.0000   0.0000
 0.383   2.2072   0.0000   0.0000
 0.384   2.1774   0.0000   0.0000
 0.385   2.1477   0.0000   0.0000
 0.386   2.1181   0.0000   0.0000
 0.387   2.0885   0.0000   0.0000
 0.388   2.0590   0.0000   0.0000
 0.389   2.0296   0.0000   0.0000
 0.390   2.0003   0.0000   0.0000
 0.391   1.9710   0.0000   0.0000
 0.392   1.9419   0.0000   0.0000
 0.393   1.9128   0.0000   0.0000
 0.394   1.8838   0.0000   0.0000
 0.395   1.8548   0.0000   0.0000
 0.396   1.8260   0.0000   0.0000
 0.397   1.7972   0.0000   0.0000
 0.398   1.7685   0.0000   0.0000
 0.399   1.7398   0.0000   0.0000
 0.400   1.7113   0.0000   0.0000
 0.401   1.6828   0.0000   0.0000
 0.402   1.6544   0.0000   0.0000
 0.403   1.6261   0.0000   0.0000
 0.404   1.5979   0.0000   0.0000
 0.405   1.5697   0.0000   0.0000
 0.406   1.5416   0.0000   0.0000
 0.407   1.5136   0.0000   0.0000
 0.408   1.4857   0.0000   0.0000
 0.409   1.4578   0.0000   0.0000
 0.410   1.4300   0.0000   0.0000
 0.411   1.4023   0.0000   0.0000
 0.412   1.3747   0.0000   0.0000
 0.413   1.3472   0.0000   0.0000
 0.414   1.3197   0.0000   0.0000
 0.415   1.2923   0.0000   0.0000
 0.416   1.2650   0.0000   0.0000
 0.417   1.2378   0.0000   0.0000
 0.418   1.2106   0.0000   0.0000
 0.419   1.1835   0.0000   0.0000
 0.420   1.1565   0.0000   0.0000
 0.421   1.1296   0.0000   0.0000
 0.422   1.1028   0.0000   0.0000
 0.423   1.0760   0.0000   0.0000
 0.424   1.0493   0.0000   0.0000
 0.425   1.0227   0.0000   0.0000
 0.426   0.9962   0.0000   0.0000
 0.427   0.9697   0.0000   0.0000
 0.428   0.9433   0.0000   0.0000
 0.429   0.9170   0.0000   0.0000
 0.430   0.8908   0.0000   0.0000
 0.431   0.8647   0.0000   0.0000
 0.432   0.8386   0.0000   0.0000
 0.433   0.8126   0.0000   0.0000
 0.434   0.7867   0.0000   0.0000
 0.435   0.7608   0.0000   0.0000
 0.436   0.7351   0.0000   0.0000
 0.437   0.7094   0.0000   0.0000
 0.438   0.6838   0.0000   0.0000
 0.439   0.6583   0.0000   0.0000
 0.440   0.6328   0.0000   0.0000
 0.441   0.6074   0.0000   0.0000
 0.442   0.5821   0.0000   0.0000
 0.443   0.5569   0.0000   0.0000
 0.444   0.5318   0.0000   0.0000
 0.445   0.5067   0.0000   0.0000
 0.446   0.4817   0.0000   0.0000
 0.447   0.4568   0.0000   0.0000
 0.448   0.4320   0.0000   0.0000
 0.449   0.4072   0.0000   0.0000
 0.450   0.3826   0.0000   0.0000
 0.451   0.3601   0.0000   0.0000
 0.452   0.3420   0.0000   0.0000
 0.453   0.3244   0.0000   0.0000
 0.454   0.3072   0.0000   0.0000
 0.455   0.2905   0.0000   0.0000
 0.456   0.2743   0.0000   0.0000
 0.457   0.2584   0.0000   0.0000
 0.458   0.2430   0.0000   0.0000
 0.459   0.2281   0.0000   0.0000
 0.460   0.2136   0.0000   0.0000
 0.461   0.1996   0.0000   0.0000
 0.462   0.1860   0.0000   0.0000
 0.463   0.1729   0.0000   0.0000
 0.464   0.1602   0.0000   0.0000
 0.465   0.1480   0.0000   0.0000
 0.466   0.1362   0.0000   0.0000
 0.467   0.1248   0.0000   0.0000
 0.468   0.1139   0.0000   0.0000
 0.469   0.1035   0.0000   0.0000
 0.470   0.0934   0.0000   0.0000
 0.471   0.0839   0.0000   0.0000
 0.472   0.0748   0.0000   0.0000
 0.473   0.0661   0.0000   0.0000
 0.474   0.0579   0.0000   0.0000
 0.475   0.0501   0.0000   0.0000
 0.476   0.0428   0.0000   0.0000
 0.477   0.0359   0.0000   0.0000
 0.478   0.0295   0.0000   0.0000
 0.479   0.0235   0.0000   0.0000
 0.480   0.0179   0.0000   0.0000
 0.481   0.0129   0.0000   0.0000
 0.482   0.0082   0.0000   0.0000
 0.483   0.0040   0.0000   0.0000
 0.484   0.0003   0.0000   0.0000
 0.485   0.0000   0.0000   0.0000
 0.486   0.0000   0.0000   0.0000
 0.487   0.0000   0.0000   0.0000
 0.488   0.0000   0.0000   0.0000
 0.489   0.0000   0.0000   0.0000
 0.490   0.0000   0.0000   0.0000
 0.491   0.0000   0.0000   0.0000
 0.492   0.0000   0.0000   0.0000
 0.493   0.0000   0.0000   0.0000
 0.494   0.0000   0.0000   0.0000
 0.495   0.0000   0.0000   0.0000
 0.496   0.0000   0.0000   0.0000
 0.497   0.0000   0.0000   0.0000
 0.498   0.0000   0.0000   0.0000
 0.499   0.0000   0.0000   0.0000
 0.500   0.0000   0.0000   0.0000
